5.000000000000000000e+01 1.095816236660237530e+00
5.400000000000000000e+01 1.376620719516109537e+00
5.500000000000000000e+01 1.292402147977204097e+00
5.600000000000000000e+01 9.674282882377838177e-01
5.700000000000000000e+01 1.526506386473328591e+00
6.200000000000000000e+01 1.452162853547755983e+00
6.300000000000000000e+01 1.459762841277403744e+00
6.400000000000000000e+01 1.559570883871274294e+00
6.600000000000000000e+01 1.857883218736904096e+00
6.900000000000000000e+01 1.625747369151186561e+00
7.100000000000000000e+01 1.731861611645732379e+00
7.200000000000000000e+01 1.497661903518302751e+00
7.500000000000000000e+01 1.742000016971413823e+00
7.800000000000000000e+01 2.040455951848048066e+00
8.200000000000000000e+01 1.866735432016161100e+00
8.300000000000000000e+01 1.736337435722140832e+00
8.600000000000000000e+01 2.015169085512006575e+00
9.100000000000000000e+01 2.251903574076100423e+00
9.200000000000000000e+01 2.194046577690959676e+00
9.300000000000000000e+01 2.415148639618882598e+00
9.400000000000000000e+01 2.231843860030715998e+00
9.500000000000000000e+01 2.236139156041172971e+00
9.800000000000000000e+01 2.566685244208844807e+00
9.900000000000000000e+01 2.571267270894739720e+00
1.010000000000000000e+02 2.341410773211468843e+00
1.030000000000000000e+02 2.527851662221969331e+00
1.040000000000000000e+02 2.395554354382750439e+00
1.050000000000000000e+02 2.165986780754764141e+00
1.110000000000000000e+02 2.862832745637295062e+00
1.130000000000000000e+02 2.712760339143927890e+00
1.140000000000000000e+02 2.798062247800242819e+00
1.150000000000000000e+02 2.919087898379850721e+00
1.160000000000000000e+02 2.768409468624705383e+00
1.220000000000000000e+02 2.647828600852748959e+00
